N-KSJP2,-1.3831654150965778,20140302134344,-1.1357568083900846
N-CJDQX,-0.5157984464344504,201403021808,-0.12999367953218124
N-SUFMO,0.34119148661295406,201403021808,-0.015926263720149613
N-H563T,0.12308841581387467,201403021808,-0.08805991606525666
N-CJDQX,-0.5157984464344504,201403021808,-0.12999367953218124
N-JFGFZ,-0.8100884770514872,201403021808,0.08281275336858458
N-SUFMO,0.34119148661295406,201403021808,-0.015926263720149613
N-0C09P,-0.35670408794883685,201403021808,-0.0
N-SUFMO,0.34119148661295406,201403021808,-0.015926263720149613
N-6JCTV,0.3763627327079273,201403021808,0.3677859776019827
N-UFFMT,-1.7485667252308812,201403021808,1.3993381738660693
N-TS4PL,0.5752889150346544,201403021808,-0.2504341234414531
N-BHK8H,-0.021608534673485492,201403021808,0.011496026543023173
N-H82EQ,-0.5373494464575331,201403021808,-0.0899527893316361
N-0C09P,-0.35670408794883685,201403021808,-0.0
N-1EZEK,1.143572306582178,201403021808,-0.4234922610420084
N-6JCTV,0.3763627327079273,201403021808,0.3677859776019827
N-UFFMT,-1.7485667252308812,201403021808,1.3993381738660693
N-1E0AT,0.7496338541704571,201403021808,0.34902799187312367
N-CJDQX,-0.5157984464344504,201403021808,-0.12999367953218124
N-CJDQX,-0.5157984464344504,201403021808,-0.12999367953218124
N-CJDQX,-0.5157984464344504,201403021808,-0.12999367953218124
N-H82EQ,-0.5373494464575331,201403021808,-0.0899527893316361
N-H82EQ,-0.5373494464575331,201403021808,-0.04099940876179865
N-H82EQ,-0.5373494464575331,201403021808,-0.2177211191670989
N-H82EQ,-0.5373494464575331,201403021808,0.0351978675541541
N-H82EQ,-0.5373494464575331,201403021808,0.25530628663413235
N-H82EQ,-0.5373494464575331,201403021808,0.19419401165836214
N-H82EQ,-0.5373494464575331,201403021808,0.22968501329214364
N-H82EQ,-0.5373494464575331,201403021808,-0.01703907750147131
N-H82EQ,-0.5373494464575331,201403021808,-0.15858949076528653
N-H82EQ,-0.5373494464575331,201403021808,-0.06237349349620363
N-H82EQ,-0.5373494464575331,201403021808,0.40116088987360815
N-H82EQ,-0.5373494464575331,201403021808,-0.09382411574319131
N-H82EQ,-0.5373494464575331,201403021808,0.21879814370301012
N-H82EQ,-0.5373494464575331,201403021808,-0.024668312877853562
N-H82EQ,-0.5373494464575331,201403021808,-0.06720151762917208
N-H82EQ,-0.5373494464575331,201403021808,-0.14183040920464862
N-H82EQ,-0.5373494464575331,201403021808,0.13802601287915248
N-H82EQ,-0.5373494464575331,201403021808,0.4991385020442033
N-H82EQ,-0.5373494464575331,201403021808,-0.14635823408570178
N-H82EQ,-0.5373494464575331,201403021808,-0.1245780100015498
N-H82EQ,-0.5373494464575331,201403021808,-0.09390520330005506
N-H82EQ,-0.5373494464575331,201403021808,0.24698498504366292
N-H82EQ,-0.5373494464575331,201403021808,-0.04109446904430032
N-H82EQ,-0.5373494464575331,201403021808,0.31290978016782905
N-H82EQ,-0.5373494464575331,201403021808,-0.6278592763269273
N-H82EQ,-0.5373494464575331,201403021808,0.26909557024124425
N-H82EQ,-0.5373494464575331,201403021808,0.2995299661385197
N-H82EQ,-0.5373494464575331,201403021808,-0.5486804092638795
N-H82EQ,-0.5373494464575331,201403021808,-0.3882049409867063
N-H82EQ,-0.5373494464575331,201403021808,0.06323415470185414
N-H82EQ,-0.5373494464575331,201403021808,0.13903060842235432
N-H82EQ,-0.5373494464575331,201403021808,-0.42685411257346323
N-H82EQ,-0.5373494464575331,201403021808,0.39326031104542525
N-H82EQ,-0.5373494464575331,201403021808,0.30953842511680796
N-H82EQ,-0.5373494464575331,201403021808,-0.09064201455184782
N-H82EQ,-0.5373494464575331,201403021808,0.0670561833901168
N-H82EQ,-0.5373494464575331,201403021808,-0.3179661616291008
N-H82EQ,-0.5373494464575331,201403021808,0.10567627946946995
N-H82EQ,-0.5373494464575331,201403021808,-0.08542769560413427
N-H82EQ,-0.5373494464575331,201403021808,-0.1499951815427643
N-H82EQ,-0.5373494464575331,201403021808,0.0023861705957470523
N-H82EQ,-0.5373494464575331,201403021808,-0.408302994382388
N-H82EQ,-0.5373494464575331,201403021808,-0.09543737650161772
N-H82EQ,-0.5373494464575331,201403021808,-0.012082892211888897
N-H82EQ,-0.5373494464575331,201403021808,-0.44540317869285234
N-H82EQ,-0.5373494464575331,201403021808,0.42967546800322187
N-H82EQ,-0.5373494464575331,201403021808,-0.04744378343462821
N-H82EQ,-0.5373494464575331,201403021808,-0.17284376473530672
N-H82EQ,-0.5373494464575331,201403021808,0.19086208113630018
N-H82EQ,-0.5373494464575331,201403021808,0.6681697118408352
N-H82EQ,-0.5373494464575331,201403021808,-0.08724803755616178
N-H82EQ,-0.5373494464575331,201403021808,0.24594063957313625
N-H82EQ,-0.5373494464575331,201403021808,0.34358090279477954
N-H82EQ,-0.5373494464575331,201403021808,0.2548002492659893
N-H82EQ,-0.5373494464575331,201403021808,0.045473049162206194
N-H82EQ,-0.5373494464575331,201403021808,0.10231742053302487
N-H82EQ,-0.5373494464575331,201403021808,-0.09926672119265949
N-H82EQ,-0.5373494464575331,201403021808,-0.5447108464534633
N-H82EQ,-0.5373494464575331,201403021808,0.04524905594939562
N-H82EQ,-0.5373494464575331,201403021808,-0.1835919698913234
N-H82EQ,-0.5373494464575331,201403021808,0.17607894754316478
N-H82EQ,-0.5373494464575331,201403021808,0.4423659063422431
N-H82EQ,-0.5373494464575331,201403021808,0.21633256173370308
N-H82EQ,-0.5373494464575331,201403021808,-0.013617857666698582
N-H82EQ,-0.5373494464575331,201403021808,-0.29063350421163714
N-H82EQ,-0.5373494464575331,201403021808,0.41472267241383776
N-H82EQ,-0.5373494464575331,201403021808,0.014526239735449902
N-H82EQ,-0.5373494464575331,201403021808,0.07894639333692938
N-H82EQ,-0.5373494464575331,201403021808,-0.2582441710804
N-H82EQ,-0.5373494464575331,201403021808,-0.13407413005194102
N-H82EQ,-0.5373494464575331,201403021808,0.058586683871207725
N-H82EQ,-0.5373494464575331,201403021808,-0.17421421113885724
N-H82EQ,-0.5373494464575331,201403021808,0.140707354668951
N-H82EQ,-0.5373494464575331,201403021808,-0.11583059613098874
N-H82EQ,-0.5373494464575331,201403021808,-0.17474483696891932
N-H82EQ,-0.5373494464575331,201403021808,-0.13271382554486855
N-H82EQ,-0.5373494464575331,201403021808,0.27856669496787284
N-H82EQ,-0.5373494464575331,201403021808,-0.2097640077735604
N-H82EQ,-0.5373494464575331,201403021808,0.2513858564256561
N-H82EQ,-0.5373494464575331,201403021808,0.2589988290564896
N-H82EQ,-0.5373494464575331,201403021808,0.02146811346379597
N-H82EQ,-0.5373494464575331,201403021808,0.11113339501989876
N-H82EQ,-0.5373494464575331,201403021808,0.21483381213177627
N-H82EQ,-0.5373494464575331,201403021808,0.23168143594066123
N-H82EQ,-0.5373494464575331,201403021808,0.14299359601340098
N-H82EQ,-0.5373494464575331,201403021808,0.09681723596024135
N-H82EQ,-0.5373494464575331,201403021808,-0.14482463156306202
N-H82EQ,-0.5373494464575331,201403021808,-0.14357363471541507
N-H82EQ,-0.5373494464575331,201403021808,-0.408409379622604
N-H82EQ,-0.5373494464575331,201403021808,-0.1896782103220582
N-H82EQ,-0.5373494464575331,201403021808,0.0037774232826782313
N-H82EQ,-0.5373494464575331,201403021808,-0.14878983835265852
N-H82EQ,-0.5373494464575331,201403021808,-0.294447949722938
N-H82EQ,-0.5373494464575331,201403021808,0.029631775078664258
N-H82EQ,-0.5373494464575331,201403021808,-0.2396216949848603
N-H82EQ,-0.5373494464575331,201403021808,0.27795810939914967
N-H82EQ,-0.5373494464575331,201403021808,-0.043990092173236704
N-H82EQ,-0.5373494464575331,201403021808,-0.23966284967457455
N-H82EQ,-0.5373494464575331,201403021808,0.4129370221702623
N-H82EQ,-0.5373494464575331,201403021808,-0.5570687708282807
N-H82EQ,-0.5373494464575331,201403021808,-0.12060972788592576
N-H82EQ,-0.5373494464575331,201403021808,0.0985740675430259
N-H82EQ,-0.5373494464575331,201403021808,0.06773612590170695
N-H82EQ,-0.5373494464575331,201403021808,-0.2098751262108525
N-H82EQ,-0.5373494464575331,201403021808,0.2879463692183135
N-H82EQ,-0.5373494464575331,201403021808,-0.3701147778300131
N-H82EQ,-0.5373494464575331,201403021808,-0.3720739356304577
N-H82EQ,-0.5373494464575331,201403021808,-0.02952223237913204
N-H82EQ,-0.5373494464575331,201403021808,-0.10289398336657232
N-H82EQ,-0.5373494464575331,201403021808,0.2452574304545494
N-H82EQ,-0.5373494464575331,201403021808,0.1450433330422161
N-H82EQ,-0.5373494464575331,201403021808,-0.13275752977267333
N-H82EQ,-0.5373494464575331,201403021808,-0.26785390499535283
N-H82EQ,-0.5373494464575331,201403021808,0.31777555623495435
N-H82EQ,-0.5373494464575331,201403021808,-0.09680763734068576
N-H82EQ,-0.5373494464575331,201403021808,-0.06807249726578313
N-H82EQ,-0.5373494464575331,201403021808,0.1718650157731805
N-H82EQ,-0.5373494464575331,201403021808,-0.14452369368227794
N-H82EQ,-0.5373494464575331,201403021808,-0.13405573644397137
N-H82EQ,-0.5373494464575331,201403021808,0.4186275794806403
N-H82EQ,-0.5373494464575331,201403021808,-0.01195276651588116
N-H82EQ,-0.5373494464575331,201403021808,0.06990363285998694
N-H82EQ,-0.5373494464575331,201403021808,0.471603780815817
N-H82EQ,-0.5373494464575331,201403021808,0.004559543624783043
N-H82EQ,-0.5373494464575331,201403021808,0.11415299954350985
N-H82EQ,-0.5373494464575331,201403021808,-0.17285762735832402
N-H82EQ,-0.5373494464575331,201403021808,-0.008955006642127566
N-H82EQ,-0.5373494464575331,201403021808,0.24416765553333086
N-H82EQ,-0.5373494464575331,201403021808,-0.2987574237649295
N-H82EQ,-0.5373494464575331,201403021808,0.1596520882596089
N-H82EQ,-0.5373494464575331,201403021808,-0.8254938225879185
N-H82EQ,-0.5373494464575331,201403021808,0.6433491226001633
N-H82EQ,-0.5373494464575331,201403021808,0.1771513746185085
N-H82EQ,-0.5373494464575331,201403021808,-0.5699051955640743
N-H82EQ,-0.5373494464575331,201403021808,0.11025978928750625
N-H82EQ,-0.5373494464575331,201403021808,-0.227488564507966
N-H82EQ,-0.5373494464575331,201403021808,0.26527831615615893
N-H82EQ,-0.5373494464575331,201403021808,-0.26101622711120553
N-H82EQ,-0.5373494464575331,201403021808,0.28980039446288924
N-H82EQ,-0.5373494464575331,201403021808,0.046901519026447624
N-H82EQ,-0.5373494464575331,201403021808,0.19732868536383394
N-H82EQ,-0.5373494464575331,201403021808,-0.04274411461115868
N-H82EQ,-0.5373494464575331,201403021808,-0.04077690390714244
N-H82EQ,-0.5373494464575331,201403021808,-0.1197091378935628
N-H82EQ,-0.5373494464575331,201403021808,0.18373205417647306
N-H82EQ,-0.5373494464575331,201403021808,0.12903502785871418
N-H82EQ,-0.5373494464575331,201403021808,-0.09591984113297218
N-H82EQ,-0.5373494464575331,201403021808,0.1006683345468451
N-H82EQ,-0.5373494464575331,201403021808,0.3683512588207567
N-H82EQ,-0.5373494464575331,201403021808,-0.006908076519453284
N-H82EQ,-0.5373494464575331,201403021808,-0.21438956149327748
N-H82EQ,-0.5373494464575331,201403021808,-0.0490413222451205
N-H82EQ,-0.5373494464575331,201403021808,-0.4195025610647994
N-H82EQ,-0.5373494464575331,201403021808,0.5901765601824566
N-H82EQ,-0.5373494464575331,201403021808,0.23194756920988852
N-H82EQ,-0.5373494464575331,201403021808,0.3053834514019592
N-H82EQ,-0.5373494464575331,201403021808,-0.02499852041508289
N-H82EQ,-0.5373494464575331,201403021808,0.1611451496901125
N-H82EQ,-0.5373494464575331,201403021808,-0.017672081923531046
N-H82EQ,-0.5373494464575331,201403021808,0.5722752502289076
N-H82EQ,-0.5373494464575331,201403021808,0.03483351380511948
N-H82EQ,-0.5373494464575331,201403021808,0.04625392320542452
N-H82EQ,-0.5373494464575331,201403021808,-0.1327034629843238
N-H82EQ,-0.5373494464575331,201403021808,0.23263645744356626
N-H82EQ,-0.5373494464575331,201403021808,0.08215423847799803
N-H82EQ,-0.5373494464575331,201403021808,-0.1830350766772036
N-H82EQ,-0.5373494464575331,201403021808,0.22697301186273972
N-H82EQ,-0.5373494464575331,201403021808,-0.07234491918474938
N-H82EQ,-0.5373494464575331,201403021808,-0.1879366594599726
N-H82EQ,-0.5373494464575331,201403021808,-0.03982438809936544
N-H82EQ,-0.5373494464575331,201403021808,0.04781253844754321
N-H82EQ,-0.5373494464575331,201403021808,-0.2810706027878104
N-H82EQ,-0.5373494464575331,201403021808,0.517206092423864
N-H82EQ,-0.5373494464575331,201403021808,0.09231140710450216
N-H82EQ,-0.5373494464575331,201403021808,0.47592687353150914
N-H82EQ,-0.5373494464575331,201403021808,-0.23026269070773187
N-H82EQ,-0.5373494464575331,201403021808,0.4359174638463908
N-H82EQ,-0.5373494464575331,201403021808,0.11367461162091
N-H82EQ,-0.5373494464575331,201403021808,-0.08795970141600605
N-H82EQ,-0.5373494464575331,201403021808,-0.3590432991602058
N-H82EQ,-0.5373494464575331,201403021808,-0.46380486614529104
N-H82EQ,-0.5373494464575331,201403021808,0.46637033778063963
N-H82EQ,-0.5373494464575331,201403021808,0.1129732973483139
N-H82EQ,-0.5373494464575331,201403021808,0.10861699038962268
N-H82EQ,-0.5373494464575331,201403021808,0.4203971095880517
N-H82EQ,-0.5373494464575331,201403021808,-0.4365690432761479
N-H82EQ,-0.5373494464575331,201403021808,0.03083913784367455
N-H82EQ,-0.5373494464575331,201403021808,0.19792794500434752
N-H82EQ,-0.5373494464575331,201403021808,0.48669642321448764
N-H82EQ,-0.5373494464575331,201403021808,0.2238630262409171
N-H82EQ,-0.5373494464575331,201403021808,0.19011844512338769
N-H82EQ,-0.5373494464575331,201403021808,-0.011368146933590636
N-H82EQ,-0.5373494464575331,201403021808,-0.11598800308930798
N-H82EQ,-0.5373494464575331,201403021808,-0.27151169556678095
N-H82EQ,-0.5373494464575331,201403021808,-0.004073764351868676
N-H82EQ,-0.5373494464575331,201403021808,0.05699196720336048
N-H82EQ,-0.5373494464575331,201403021808,0.13651785150662918
N-H82EQ,-0.5373494464575331,201403021808,0.31797623596971425
N-H82EQ,-0.5373494464575331,201403021808,0.49989466155633167
N-H82EQ,-0.5373494464575331,201403021808,-0.10889731178770928
N-H82EQ,-0.5373494464575331,201403021808,0.11201733060470326
N-H82EQ,-0.5373494464575331,201403021808,-0.26799477655236753
N-H82EQ,-0.5373494464575331,201403021808,0.5296231037238702
N-H82EQ,-0.5373494464575331,201403021808,-0.288706385442605
N-H82EQ,-0.5373494464575331,201403021808,0.10200097600985751
N-H82EQ,-0.5373494464575331,201403021808,-0.23455428998703753
N-H82EQ,-0.5373494464575331,201403021808,-0.035662168111581335
N-H82EQ,-0.5373494464575331,201403021808,-0.5067369082512476
N-H82EQ,-0.5373494464575331,201403021808,0.027213336723693797
N-H82EQ,-0.5373494464575331,201403021808,0.21757284545196487
N-H82EQ,-0.5373494464575331,201403021808,-0.17790946112727074
N-H82EQ,-0.5373494464575331,201403021808,-0.06545945824239811
N-H82EQ,-0.5373494464575331,201403021808,0.3621322199578713
N-H82EQ,-0.5373494464575331,201403021808,0.01983717889428681
N-H82EQ,-0.5373494464575331,201403021808,0.5155947819444862
N-H82EQ,-0.5373494464575331,201403021808,-0.4789333532876265
N-H82EQ,-0.5373494464575331,201403021808,-0.009135771506328065
N-H82EQ,-0.5373494464575331,201403021808,0.17359736965423847
N-H82EQ,-0.5373494464575331,201403021808,0.16095792186772
N-H82EQ,-0.5373494464575331,201403021808,0.3212054713477897
N-H82EQ,-0.5373494464575331,201403021808,0.025385770523700307
N-H82EQ,-0.5373494464575331,201403021808,0.20503949673441343
N-H82EQ,-0.5373494464575331,201403021808,-0.019528431776256697
N-H82EQ,-0.5373494464575331,201403021808,-0.4194247069365171
N-H82EQ,-0.5373494464575331,201403021808,-0.03579298683834861
N-H82EQ,-0.5373494464575331,201403021808,-0.015991239511828834
N-H82EQ,-0.5373494464575331,201403021808,0.1790460422097951
N-H82EQ,-0.5373494464575331,201403021808,-0.16313383982523272
N-H82EQ,-0.5373494464575331,201403021808,-0.7643764746977073
N-H82EQ,-0.5373494464575331,201403021808,0.11207133084930186
N-H82EQ,-0.5373494464575331,201403021808,-0.33708195060744367
N-H82EQ,-0.5373494464575331,201403021808,0.2070555979813508
N-H82EQ,-0.5373494464575331,201403021808,0.5403733543864999
N-H82EQ,-0.5373494464575331,201403021808,0.2952099540747189
N-H82EQ,-0.5373494464575331,201403021808,0.18055796954953332
N-H82EQ,-0.5373494464575331,201403021808,-0.4660541274809077
N-H82EQ,-0.5373494464575331,201403021808,-0.5809015460101422
N-H82EQ,-0.5373494464575331,201403021808,-0.18131180147111461
N-H82EQ,-0.5373494464575331,201403021808,0.4836300545648512
N-H82EQ,-0.5373494464575331,201403021808,-0.01910250668102191
N-H82EQ,-0.5373494464575331,201403021808,0.10207730404202305
N-H82EQ,-0.5373494464575331,201403021808,0.1596007472825894
N-H82EQ,-0.5373494464575331,201403021808,-0.43715376062602224
N-H82EQ,-0.5373494464575331,201403021808,-0.27551840583010795
N-H82EQ,-0.5373494464575331,201403021808,-0.3427977541823405
N-H82EQ,-0.5373494464575331,201403021808,-0.3542781430445188
N-H82EQ,-0.5373494464575331,201403021808,-0.012008845239755334
N-H82EQ,-0.5373494464575331,201403021808,-0.1325959656559202
N-H82EQ,-0.5373494464575331,201403021808,-0.33514626277624643
N-H82EQ,-0.5373494464575331,201403021808,-0.153726363500233
N-H82EQ,-0.5373494464575331,201403021808,-0.39382441892646114
N-H82EQ,-0.5373494464575331,201403021808,-0.25567084607104934
N-H82EQ,-0.5373494464575331,201403021808,0.4166392315435023
N-H82EQ,-0.5373494464575331,201403021808,-0.9118972068402191
N-H82EQ,-0.5373494464575331,201403021808,0.13083339125118168
N-H82EQ,-0.5373494464575331,201403021808,-0.24931561621805648
N-H82EQ,-0.5373494464575331,201403021808,0.6994867854516067
N-H82EQ,-0.5373494464575331,201403021808,-0.06302036402875648
N-H82EQ,-0.5373494464575331,201403021808,-0.38907903612508266
N-H82EQ,-0.5373494464575331,201403021808,-0.16322336721211866
N-H82EQ,-0.5373494464575331,201403021808,-0.35219145299324145
N-H82EQ,-0.5373494464575331,201403021808,-0.3725091809369982
N-H82EQ,-0.5373494464575331,201403021808,0.7826463458490479
N-H82EQ,-0.5373494464575331,201403021808,-0.12406761722801277
N-H82EQ,-0.5373494464575331,201403021808,-0.2708307058855454
N-H82EQ,-0.5373494464575331,201403021808,-0.0947007198749562
N-H82EQ,-0.5373494464575331,201403021808,0.26220105441279756
N-H82EQ,-0.5373494464575331,201403021808,-0.25155881944597225
N-H82EQ,-0.5373494464575331,201403021808,-0.1601116985373771
N-H82EQ,-0.5373494464575331,201403021808,-0.3281851731066153
N-H82EQ,-0.5373494464575331,201403021808,0.2956734991709314
N-H82EQ,-0.5373494464575331,201403021808,0.17654242243816462
N-H82EQ,-0.5373494464575331,201403021808,-0.10459614970556977
N-H82EQ,-0.5373494464575331,201403021808,-0.0716821085009689
N-H82EQ,-0.5373494464575331,201403021808,0.3526384230543882
N-H82EQ,-0.5373494464575331,201403021808,-0.32105605158030903
N-H82EQ,-0.5373494464575331,201403021808,-0.09227328606831323
N-H82EQ,-0.5373494464575331,201403021808,-0.12726709463591565
N-H82EQ,-0.5373494464575331,201403021808,-0.08349559624013678
N-H82EQ,-0.5373494464575331,201403021808,0.5273975165966748
N-H82EQ,-0.5373494464575331,201403021808,-0.2732683419319608
N-H82EQ,-0.5373494464575331,201403021808,0.3334481103256026
N-H82EQ,-0.5373494464575331,201403021808,-0.02880844882207826
N-H82EQ,-0.5373494464575331,201403021808,-0.23892836409271165
N-H82EQ,-0.5373494464575331,201403021808,0.15834859783015257
N-H82EQ,-0.5373494464575331,201403021808,0.0026644602767743027
N-H82EQ,-0.5373494464575331,201403021808,-0.034179966588906124
N-H82EQ,-0.5373494464575331,201403021808,-0.0015274450563129115
N-H82EQ,-0.5373494464575331,201403021808,-0.09409703352177337
N-H82EQ,-0.5373494464575331,201403021808,0.014257756615194253
N-H82EQ,-0.5373494464575331,201403021808,-0.116524740723172
N-H82EQ,-0.5373494464575331,201403021808,-0.11852531945475889
N-H82EQ,-0.5373494464575331,201403021808,0.03793074892615412
N-H82EQ,-0.5373494464575331,201403021808,-0.035947239173408904
N-H82EQ,-0.5373494464575331,201403021808,-0.08683419131940594
N-H82EQ,-0.5373494464575331,201403021808,0.3724184130901809
N-H82EQ,-0.5373494464575331,201403021808,0.03890245223212827
N-H82EQ,-0.5373494464575331,201403021808,-0.06350186914529525
N-H82EQ,-0.5373494464575331,201403021808,0.0015890857513436152
N-H82EQ,-0.5373494464575331,201403021808,-0.38880835695371585
N-H82EQ,-0.5373494464575331,201403021808,-0.060180345320239075
N-H82EQ,-0.5373494464575331,201403021808,0.16521458397711103
N-H82EQ,-0.5373494464575331,201403021808,-0.5954355021861257
N-H82EQ,-0.5373494464575331,201403021808,-0.041715098017392115
N-H82EQ,-0.5373494464575331,201403021808,0.06081558673341346
N-H82EQ,-0.5373494464575331,201403021808,-0.00611333514484599
N-H82EQ,-0.5373494464575331,201403021808,0.10776960715019213
N-H82EQ,-0.5373494464575331,201403021808,0.1877301307261821
N-H82EQ,-0.5373494464575331,201403021808,-0.13764136730226342
N-H82EQ,-0.5373494464575331,201403021808,0.0031644955695417937
N-H82EQ,-0.5373494464575331,201403021808,-0.16777861358799867
N-H82EQ,-0.5373494464575331,201403021808,-0.02555631475362284
N-H82EQ,-0.5373494464575331,201403021808,-0.14097262918275477
N-H82EQ,-0.5373494464575331,201403021808,-0.45630245768612515
N-H82EQ,-0.5373494464575331,201403021808,-0.06222757384427288
N-H82EQ,-0.5373494464575331,201403021808,-0.08738729092630183
N-H82EQ,-0.5373494464575331,201403021808,0.38195981962021014
N-H82EQ,-0.5373494464575331,201403021808,0.6444330968319124
N-H82EQ,-0.5373494464575331,201403021808,0.4906552992544084
N-H82EQ,-0.5373494464575331,201403021808,0.213262319343148
N-H82EQ,-0.5373494464575331,201403021808,0.21293305521603897
N-H82EQ,-0.5373494464575331,201403021808,0.2659840222920543
N-H82EQ,-0.5373494464575331,201403021808,-0.08935112478468124
N-H82EQ,-0.5373494464575331,201403021808,0.2363395967912631
N-H82EQ,-0.5373494464575331,201403021808,0.11667041024466339
N-H82EQ,-0.5373494464575331,201403021808,-0.23833160726722638
N-H82EQ,-0.5373494464575331,201403021808,-0.307619681927949
N-H82EQ,-0.5373494464575331,201403021808,0.0141756621812757
N-H82EQ,-0.5373494464575331,201403021808,-0.10916799304151668
N-H82EQ,-0.5373494464575331,201403021808,0.4749909738815038
N-H82EQ,-0.5373494464575331,201403021808,-0.02011924052465704
N-H82EQ,-0.5373494464575331,201403021808,-0.09215954445577906
N-H82EQ,-0.5373494464575331,201403021808,-0.025380148222932584
N-H82EQ,-0.5373494464575331,201403021808,0.23433246912412917
N-H82EQ,-0.5373494464575331,201403021808,-0.23098610996282837
N-H82EQ,-0.5373494464575331,201403021808,-0.22467533559703798
N-H82EQ,-0.5373494464575331,201403021808,0.045691015153842544
N-H82EQ,-0.5373494464575331,201403021808,-0.5147840954104106
N-H82EQ,-0.5373494464575331,201403021808,0.12846725630663733
N-H82EQ,-0.5373494464575331,201403021808,0.5360237951765687
N-H82EQ,-0.5373494464575331,201403021808,0.34702118138031324
N-H82EQ,-0.5373494464575331,201403021808,-0.1879544930644586
N-H82EQ,-0.5373494464575331,201403021808,0.11738996923129874
N-H82EQ,-0.5373494464575331,201403021808,0.23384470191816462
N-H82EQ,-0.5373494464575331,201403021808,0.07311915165124751
N-H82EQ,-0.5373494464575331,201403021808,0.0010019922899480876
N-H82EQ,-0.5373494464575331,201403021808,0.13971495790941119
N-H82EQ,-0.5373494464575331,201403021808,-0.4370623753936763
N-H82EQ,-0.5373494464575331,201403021808,-0.03337109494560192
N-H82EQ,-0.5373494464575331,201403021808,0.29986822314014466
N-H82EQ,-0.5373494464575331,201403021808,-0.5070020654391746
N-H82EQ,-0.5373494464575331,201403021808,-0.44625296942006565
N-H82EQ,-0.5373494464575331,201403021808,-0.054956302964508714
N-H82EQ,-0.5373494464575331,201403021808,0.336580291359036
N-H82EQ,-0.5373494464575331,201403021808,-0.01349268148290783
N-H82EQ,-0.5373494464575331,201403021808,-0.2849478234677896
N-H82EQ,-0.5373494464575331,201403021808,0.31972421118578664
N-H82EQ,-0.5373494464575331,201403021808,-0.42578715795763294
N-H82EQ,-0.5373494464575331,201403021808,-0.19248835662130484
N-H82EQ,-0.5373494464575331,201403021808,-0.5332022762345904
N-H82EQ,-0.5373494464575331,201403021808,-0.18637745705957728
N-H82EQ,-0.5373494464575331,201403021808,-0.3795610272805309
N-H82EQ,-0.5373494464575331,201403021808,0.28057239551756225
N-H82EQ,-0.5373494464575331,201403021808,-0.3935241356755534
N-H82EQ,-0.5373494464575331,201403021808,-0.07553964125435621
N-H82EQ,-0.5373494464575331,201403021808,0.3647692663668476
N-H82EQ,-0.5373494464575331,201403021808,-0.07188004765239936
N-H82EQ,-0.5373494464575331,201403021808,0.15481454973881006
N-H82EQ,-0.5373494464575331,201403021808,0.1681543862035067
N-H82EQ,-0.5373494464575331,201403021808,0.05456038585616647
N-H82EQ,-0.5373494464575331,201403021808,-2.598377874275007E-4
N-H82EQ,-0.5373494464575331,201403021808,-0.29203957297044936
N-H82EQ,-0.5373494464575331,201403021808,0.04240967728876385
N-H82EQ,-0.5373494464575331,201403021808,-0.0738568503621508
N-H82EQ,-0.5373494464575331,201403021808,-0.021601530513189506
N-H82EQ,-0.5373494464575331,201403021808,-8.840027156045033E-4
N-H82EQ,-0.5373494464575331,201403021808,-0.40821200526688006
N-H82EQ,-0.5373494464575331,201403021808,-0.41932543812192064
N-H82EQ,-0.5373494464575331,201403021808,0.09574881485113222
N-H82EQ,-0.5373494464575331,201403021808,0.29642140419789714
N-H82EQ,-0.5373494464575331,201403021808,-0.5461002822748064
N-H82EQ,-0.5373494464575331,201403021808,-0.060717205027480174
N-H82EQ,-0.5373494464575331,201403021808,0.10844219193805488
N-H82EQ,-0.5373494464575331,201403021808,-0.03839656600873459
N-H82EQ,-0.5373494464575331,201403021808,-0.17480072747265415
N-H82EQ,-0.5373494464575331,201403021808,0.13913036017675626
N-H82EQ,-0.5373494464575331,201403021808,0.2629386920604756
N-H82EQ,-0.5373494464575331,201403021808,-0.1281709112352347
N-H82EQ,-0.5373494464575331,201403021808,0.20644431852239636
N-H82EQ,-0.5373494464575331,201403021808,0.04707491190435275
N-H82EQ,-0.5373494464575331,201403021808,0.03647335793394719
N-H82EQ,-0.5373494464575331,201403021808,0.0980437586885895
N-H82EQ,-0.5373494464575331,201403021808,-0.25172787727274315
N-H82EQ,-0.5373494464575331,201403021808,0.318537838328059
N-H82EQ,-0.5373494464575331,201403021808,-0.08823936124372958
N-H82EQ,-0.5373494464575331,201403021808,-0.08742522260219618
N-H82EQ,-0.5373494464575331,201403021808,0.21788553801912386
N-H82EQ,-0.5373494464575331,201403021808,0.3677630268256556
N-H82EQ,-0.5373494464575331,201403021808,0.05207772337532846
N-H82EQ,-0.5373494464575331,201403021808,0.09764932608516115
N-H82EQ,-0.5373494464575331,201403021808,0.18838571152639205
N-H82EQ,-0.5373494464575331,201403021808,0.007085667222337159
N-H82EQ,-0.5373494464575331,201403021808,-0.22426097666163153
N-H82EQ,-0.5373494464575331,201403021808,-0.5921786810501739
N-H82EQ,-0.5373494464575331,201403021808,0.054092986397430216
N-H82EQ,-0.5373494464575331,201403021808,0.1793398165372971
N-H82EQ,-0.5373494464575331,201403021808,0.039663789289763475
N-H82EQ,-0.5373494464575331,201403021808,0.09326448428641743
N-H82EQ,-0.5373494464575331,201403021808,0.24008928017221978
N-H82EQ,-0.5373494464575331,201403021808,0.29002195601975983
N-H82EQ,-0.5373494464575331,201403021808,0.26874744444250454
N-H82EQ,-0.5373494464575331,201403021808,-0.17246234061542556
N-H82EQ,-0.5373494464575331,201403021808,0.2612450755793758
N-H82EQ,-0.5373494464575331,201403021808,-0.10409103914221517
N-H82EQ,-0.5373494464575331,201403021808,-0.06615677578245616
N-H82EQ,-0.5373494464575331,201403021808,0.5572636455540779
N-H82EQ,-0.5373494464575331,201403021808,0.11654158616648957
N-H82EQ,-0.5373494464575331,201403021808,-0.20281783254997046
N-H82EQ,-0.5373494464575331,201403021808,-0.05123590388868689
N-H82EQ,-0.5373494464575331,201403021808,-0.03893530269575379
N-H82EQ,-0.5373494464575331,201403021808,-0.0632819199556063
N-H82EQ,-0.5373494464575331,201403021808,0.09961476429876358
N-H82EQ,-0.5373494464575331,201403021808,-0.1896001562519849
N-H82EQ,-0.5373494464575331,201403021808,-0.28094165665171544
N-H82EQ,-0.5373494464575331,201403021808,0.24956502995535532
N-H82EQ,-0.5373494464575331,201403021808,-0.09956583434992543
N-H82EQ,-0.5373494464575331,201403021808,-0.3106646191333919
N-H82EQ,-0.5373494464575331,201403021808,-0.547198547530899
N-H82EQ,-0.5373494464575331,201403021808,-0.17851189219345248
N-H82EQ,-0.5373494464575331,201403021808,0.15557029293614177
N-H82EQ,-0.5373494464575331,201403021808,-0.42088469955335694
N-H82EQ,-0.5373494464575331,201403021808,-0.13894462969116922
N-H82EQ,-0.5373494464575331,201403021808,-0.11586642680265444
N-H82EQ,-0.5373494464575331,201403021808,-0.10910285586026683
N-H82EQ,-0.5373494464575331,201403021808,-0.36467510554207677
N-H82EQ,-0.5373494464575331,201403021808,-0.5724982266896014
N-H82EQ,-0.5373494464575331,201403021808,0.20002328872459105
N-H82EQ,-0.5373494464575331,201403021808,0.15693449944965554
N-H82EQ,-0.5373494464575331,201403021808,0.19875694551287684
N-H82EQ,-0.5373494464575331,201403021808,0.4614456053663219
N-H82EQ,-0.5373494464575331,201403021808,0.22173757570187647
N-H82EQ,-0.5373494464575331,201403021808,-0.06493499348513049
N-H82EQ,-0.5373494464575331,201403021808,0.06576797182530753
N-H82EQ,-0.5373494464575331,201403021808,-0.45367840269174714
N-H82EQ,-0.5373494464575331,201403021808,0.0822035571365445
N-H82EQ,-0.5373494464575331,201403021808,-0.3025555332799745
N-H82EQ,-0.5373494464575331,201403021808,-0.4799106853187485
N-H82EQ,-0.5373494464575331,201403021808,0.03770690843945644
N-H82EQ,-0.5373494464575331,201403021808,-0.026507461325581693
N-H82EQ,-0.5373494464575331,201403021808,0.04488557956928695
N-H82EQ,-0.5373494464575331,201403021808,-0.06038324811139977
N-H82EQ,-0.5373494464575331,201403021808,0.21367099181105123
N-H82EQ,-0.5373494464575331,201403021808,-0.26958865946999455
N-H82EQ,-0.5373494464575331,201403021808,-0.6461406069890246
N-H82EQ,-0.5373494464575331,201403021808,-0.36457441397026663
N-H82EQ,-0.5373494464575331,201403021808,-0.15793572430264177
N-H82EQ,-0.5373494464575331,201403021808,-0.4015194661044671
N-H82EQ,-0.5373494464575331,201403021808,-0.3834010724650154
N-H82EQ,-0.5373494464575331,201403021808,-0.42556348164146884
N-H82EQ,-0.5373494464575331,201403021808,-0.14320373547537632
N-H82EQ,-0.5373494464575331,201403021808,0.10598128950846582
N-H82EQ,-0.5373494464575331,201403021808,-0.01958590044470265
N-H82EQ,-0.5373494464575331,201403021808,0.48993607188010296
N-H82EQ,-0.5373494464575331,201403021808,-0.22358058184907148
N-H82EQ,-0.5373494464575331,201403021808,-0.04449995220173827
N-H82EQ,-0.5373494464575331,201403021808,0.2430338991612139
N-H82EQ,-0.5373494464575331,201403021808,0.23626150054047113
N-H82EQ,-0.5373494464575331,201403021808,-0.1474005157376482
N-H82EQ,-0.5373494464575331,201403021808,-0.028476167744996537
N-H82EQ,-0.5373494464575331,201403021808,-0.25603079413045776
N-H82EQ,-0.5373494464575331,201403021808,0.033860459504635274
N-H82EQ,-0.5373494464575331,201403021808,-0.16080805037624274
N-H82EQ,-0.5373494464575331,201403021808,-0.11294363977861385
N-H82EQ,-0.5373494464575331,201403021808,0.17742871694042428
N-H82EQ,-0.5373494464575331,201403021808,-0.35543743721943655
N-H82EQ,-0.5373494464575331,201403021808,0.17440573031882536
N-H82EQ,-0.5373494464575331,201403021808,-0.10915117311775137
N-H82EQ,-0.5373494464575331,201403021808,0.35667246264027974
N-H82EQ,-0.5373494464575331,201403021808,0.02309590801583097
N-H82EQ,-0.5373494464575331,201403021808,-0.2967133653720892
N-H82EQ,-0.5373494464575331,201403021808,-0.2313080783324558
N-H82EQ,-0.5373494464575331,201403021808,-0.11807887968108079
N-H82EQ,-0.5373494464575331,201403021808,-0.2126324431784985
N-H82EQ,-0.5373494464575331,201403021808,0.395755039198712
N-H82EQ,-0.5373494464575331,201403021808,-0.16572142270035276
N-H82EQ,-0.5373494464575331,201403021808,0.414597436065755
N-H82EQ,-0.5373494464575331,201403021808,-0.295765341985838
N-H82EQ,-0.5373494464575331,201403021808,-0.03225898970868986
N-H82EQ,-0.5373494464575331,201403021808,0.12407096284921866
N-H82EQ,-0.5373494464575331,201403021808,-0.2808869474678042
N-H82EQ,-0.5373494464575331,201403021808,-0.14998719256384127
N-H82EQ,-0.5373494464575331,201403021808,-0.36055191232898687
N-H82EQ,-0.5373494464575331,201403021808,0.1495887028209401
N-H82EQ,-0.5373494464575331,201403021808,-0.17903863869774223
N-H82EQ,-0.5373494464575331,201403021808,0.044732788885018755
N-H82EQ,-0.5373494464575331,201403021808,0.06032847639010165
N-H82EQ,-0.5373494464575331,201403021808,0.12544036247311244
N-H82EQ,-0.5373494464575331,201403021808,0.01389457042909358
N-H82EQ,-0.5373494464575331,201403021808,0.09985198298480415
N-H82EQ,-0.5373494464575331,201403021808,0.5093175914196587
N-H82EQ,-0.5373494464575331,201403021808,-0.21394811772949773
N-H82EQ,-0.5373494464575331,201403021808,-0.017579227272002697
N-H82EQ,-0.5373494464575331,201403021808,-0.308559621090159
N-H82EQ,-0.5373494464575331,201403021808,-0.0368590491723084
N-H82EQ,-0.5373494464575331,201403021808,-0.08224228329146946
N-H82EQ,-0.5373494464575331,201403021808,0.26887873895764447
N-H82EQ,-0.5373494464575331,201403021808,-0.08632626557332353
N-H82EQ,-0.5373494464575331,201403021808,-0.33699238659737224
N-H82EQ,-0.5373494464575331,201403021808,-0.08482299101479625
N-H82EQ,-0.5373494464575331,201403021808,0.09914778327314493
N-H82EQ,-0.5373494464575331,201403021808,-0.5221163421961574
N-H82EQ,-0.5373494464575331,201403021808,0.040019385350101105
N-H82EQ,-0.5373494464575331,201403021808,0.20049209049274808
N-H82EQ,-0.5373494464575331,201403021808,-0.15455827445983852
N-H82EQ,-0.5373494464575331,201403021808,-0.1355325023103299
N-H82EQ,-0.5373494464575331,201403021808,-0.20135040195095646
N-H82EQ,-0.5373494464575331,201403021808,-0.33479041726730974
N-H82EQ,-0.5373494464575331,201403021808,-0.5287537846477518
N-H82EQ,-0.5373494464575331,201403021808,0.02039045667446004
N-H82EQ,-0.5373494464575331,201403021808,-0.03345689515529185
N-H82EQ,-0.5373494464575331,201403021808,-0.1516001383815607
N-H82EQ,-0.5373494464575331,201403021808,0.1826365349154685
N-H82EQ,-0.5373494464575331,201403021808,0.24145828123527066
N-H82EQ,-0.5373494464575331,201403021808,0.07032229392499037
N-H82EQ,-0.5373494464575331,201403021808,-0.2746182534753936
N-H82EQ,-0.5373494464575331,201403021808,0.13162409510351816
N-H82EQ,-0.5373494464575331,201403021808,0.24144239950933064
N-H82EQ,-0.5373494464575331,201403021808,-0.1347454366534408
N-H82EQ,-0.5373494464575331,201403021808,0.10680099429808093
N-H82EQ,-0.5373494464575331,201403021808,-0.38380528528875246
N-H82EQ,-0.5373494464575331,201403021808,0.015588420861667182
N-H82EQ,-0.5373494464575331,201403021808,-0.24846655497761633
N-H82EQ,-0.5373494464575331,201403021808,0.2925474875780778
N-H82EQ,-0.5373494464575331,201403021808,0.1119781519128154
N-H82EQ,-0.5373494464575331,201403021808,-0.033687228344665365
N-H82EQ,-0.5373494464575331,201403021808,0.10917880231589001
N-H82EQ,-0.5373494464575331,201403021808,-0.3772012902717982
N-H82EQ,-0.5373494464575331,201403021808,-0.16590266639568096
N-H82EQ,-0.5373494464575331,201403021808,-0.07210274303187542
N-H82EQ,-0.5373494464575331,201403021808,0.24543821123783846
N-H82EQ,-0.5373494464575331,201403021808,0.1929573121807301
N-H82EQ,-0.5373494464575331,201403021808,-0.1780127628540747
N-H82EQ,-0.5373494464575331,201403021808,0.43900976185423163
N-H82EQ,-0.5373494464575331,201403021808,-0.26891269454119676
N-H82EQ,-0.5373494464575331,201403021808,0.08561502585407296
N-H82EQ,-0.5373494464575331,201403021808,0.041663022346632925
N-H82EQ,-0.5373494464575331,201403021808,0.2661049562116827
N-H82EQ,-0.5373494464575331,201403021808,-0.18912038627325264
N-H82EQ,-0.5373494464575331,201403021808,0.15298536693100978
N-H82EQ,-0.5373494464575331,201403021808,-0.540594036488613
N-H82EQ,-0.5373494464575331,201403021808,-0.4054994832392583
N-H82EQ,-0.5373494464575331,201403021808,0.08749348341926362
N-H82EQ,-0.5373494464575331,201403021808,0.5162983523431699
N-H82EQ,-0.5373494464575331,201403021808,-0.26381050805753586
N-H82EQ,-0.5373494464575331,201403021808,0.18824115529156926
N-H82EQ,-0.5373494464575331,201403021808,-0.22536987435260294
N-H82EQ,-0.5373494464575331,201403021808,-0.019125304069634967
N-H82EQ,-0.5373494464575331,201403021808,-0.2525873666586604
N-H82EQ,-0.5373494464575331,201403021808,0.10485198003886505
N-H82EQ,-0.5373494464575331,201403021808,0.10625561926448164
N-H82EQ,-0.5373494464575331,201403021808,0.11366931513840972
N-H82EQ,-0.5373494464575331,201403021808,-0.09576160722971457
N-H82EQ,-0.5373494464575331,201403021808,0.11685531810982291
N-H82EQ,-0.5373494464575331,201403021808,-0.25003067183092775
N-H82EQ,-0.5373494464575331,201403021808,0.22010535224108302
N-H82EQ,-0.5373494464575331,201403021808,-0.11315815254557408
N-H82EQ,-0.5373494464575331,201403021808,0.07147286703839265
N-H82EQ,-0.5373494464575331,201403021808,0.276838292437665
N-H82EQ,-0.5373494464575331,201403021808,0.00973301711660195
N-H82EQ,-0.5373494464575331,201403021808,-0.49728551854304803
N-H82EQ,-0.5373494464575331,201403021808,0.23536405539320004
N-H82EQ,-0.5373494464575331,201403021808,0.0841046992882051
N-H82EQ,-0.5373494464575331,201403021808,-0.5401374862369892
N-H82EQ,-0.5373494464575331,201403021808,0.4840350880329592
N-H82EQ,-0.5373494464575331,201403021808,-0.30855552023710336
N-H82EQ,-0.5373494464575331,201403021808,-0.4909208923859805
N-H82EQ,-0.5373494464575331,201403021808,0.07682669652524966
N-H82EQ,-0.5373494464575331,201403021808,-0.21206325351730518
N-H82EQ,-0.5373494464575331,201403021808,-0.18604204011474756
N-H82EQ,-0.5373494464575331,201403021808,-0.04154605735685201
N-H82EQ,-0.5373494464575331,201403021808,0.008822820169258703
N-H82EQ,-0.5373494464575331,201403021808,0.22183028656488715
N-H82EQ,-0.5373494464575331,201403021808,-0.12308555437347003
N-H82EQ,-0.5373494464575331,201403021808,-0.22194842445182061
N-H82EQ,-0.5373494464575331,201403021808,0.15621243718475974
N-H82EQ,-0.5373494464575331,201403021808,0.11801575398241218
N-H82EQ,-0.5373494464575331,201403021808,-0.09954926444242121
N-H82EQ,-0.5373494464575331,201403021808,-0.18756834487443225
N-H82EQ,-0.5373494464575331,201403021808,-0.23342375293102668
N-H82EQ,-0.5373494464575331,201403021808,0.13100149564177976
N-H82EQ,-0.5373494464575331,201403021808,-0.21191662021389235
N-H82EQ,-0.5373494464575331,201403021808,0.2644865913046373
N-H82EQ,-0.5373494464575331,201403021808,0.45254597648677414
N-H82EQ,-0.5373494464575331,201403021808,0.06707441475812574
N-H82EQ,-0.5373494464575331,201403021808,-0.07168889302024149
N-H82EQ,-0.5373494464575331,201403021808,-0.12594032465280897
N-H82EQ,-0.5373494464575331,201403021808,-0.04293454049290974
N-H82EQ,-0.5373494464575331,201403021808,-0.18098356360475898
N-H82EQ,-0.5373494464575331,201403021808,-0.0965738996409754
N-H82EQ,-0.5373494464575331,201403021808,0.060468828905065
N-H82EQ,-0.5373494464575331,201403021808,0.03711476878487489
N-H82EQ,-0.5373494464575331,201403021808,-0.05967544833510019
N-H82EQ,-0.5373494464575331,201403021808,-0.2152781795661784
N-H82EQ,-0.5373494464575331,201403021808,0.30205089287759584
N-H82EQ,-0.5373494464575331,201403021808,0.0801034551407807
N-H82EQ,-0.5373494464575331,201403021808,0.0746897229200646
N-H82EQ,-0.5373494464575331,201403021808,-0.43644246834666334
N-H82EQ,-0.5373494464575331,201403021808,0.007591081248955252
N-H82EQ,-0.5373494464575331,201403021808,-0.31426249618888086
N-H82EQ,-0.5373494464575331,201403021808,0.12522858108010326
N-H82EQ,-0.5373494464575331,201403021808,-0.547658177330494
N-H82EQ,-0.5373494464575331,201403021808,-0.1964691020587697
N-H82EQ,-0.5373494464575331,201403021808,-0.48567301875942126
N-H82EQ,-0.5373494464575331,201403021808,-0.20504372824951422
N-H82EQ,-0.5373494464575331,201403021808,-0.12185430288248239
N-H82EQ,-0.5373494464575331,201403021808,0.13569953969813417
N-H82EQ,-0.5373494464575331,201403021808,-0.02137312100390182
N-H82EQ,-0.5373494464575331,201403021808,-0.10339279481382235
N-H82EQ,-0.5373494464575331,201403021808,0.15080619726010977
N-H82EQ,-0.5373494464575331,201403021808,-0.7515982085973806
N-H82EQ,-0.5373494464575331,201403021808,-0.17972149702855034
N-H82EQ,-0.5373494464575331,201403021808,0.0029741004340987703
N-H82EQ,-0.5373494464575331,201403021808,-0.1993625131470325
N-H82EQ,-0.5373494464575331,201403021808,0.16884793296505418
N-H82EQ,-0.5373494464575331,201403021808,0.020109745685273194
N-H82EQ,-0.5373494464575331,201403021808,0.1208623437307548
N-H82EQ,-0.5373494464575331,201403021808,-0.2309175420974406
N-H82EQ,-0.5373494464575331,201403021808,0.09295678448235634
N-H82EQ,-0.5373494464575331,201403021808,0.5600215567730287
N-H82EQ,-0.5373494464575331,201403021808,0.20683698920247168
N-H82EQ,-0.5373494464575331,201403021808,-0.05261824864973015
N-H82EQ,-0.5373494464575331,201403021808,-0.2975246210298891
N-H82EQ,-0.5373494464575331,201403021808,0.13930086798079294
N-H82EQ,-0.5373494464575331,201403021808,0.15947672024351697
N-H82EQ,-0.5373494464575331,201403021808,0.5811136655273791
N-H82EQ,-0.5373494464575331,201403021808,0.31114823211800174
N-H82EQ,-0.5373494464575331,201403021808,-0.18295423584878592
N-H82EQ,-0.5373494464575331,201403021808,0.1017506047088576
N-H82EQ,-0.5373494464575331,201403021808,0.3023538063087253
N-H82EQ,-0.5373494464575331,201403021808,-0.7349736081716572
N-H82EQ,-0.5373494464575331,201403021808,-0.3255301211468335
N-H82EQ,-0.5373494464575331,201403021808,0.04576687868036393
N-H82EQ,-0.5373494464575331,201403021808,-0.28167489783675076
N-H82EQ,-0.5373494464575331,201403021808,0.00717299479442596
N-H82EQ,-0.5373494464575331,201403021808,-0.03372133190447688
N-H82EQ,-0.5373494464575331,201403021808,0.10245358443755842
N-H82EQ,-0.5373494464575331,201403021808,0.3480267556205459
N-H82EQ,-0.5373494464575331,201403021808,-0.020201791543612145
N-H82EQ,-0.5373494464575331,201403021808,-0.10943609752270224
N-H82EQ,-0.5373494464575331,201403021808,-0.021407235417689605
N-H82EQ,-0.5373494464575331,201403021808,0.023209526290766096
N-H82EQ,-0.5373494464575331,201403021808,-0.056963039442096075
N-H82EQ,-0.5373494464575331,201403021808,-0.25406509138851524
N-H82EQ,-0.5373494464575331,201403021808,0.08597114310781877
N-H82EQ,-0.5373494464575331,201403021808,-0.4292157504364274
N-H82EQ,-0.5373494464575331,201403021808,0.007052866474587886
N-H82EQ,-0.5373494464575331,201403021808,-0.3388462587362193
N-H82EQ,-0.5373494464575331,201403021808,0.22877840527795482
N-H82EQ,-0.5373494464575331,201403021808,0.38052478786199745
N-H82EQ,-0.5373494464575331,201403021808,-0.08905723970252077
N-H82EQ,-0.5373494464575331,201403021808,-0.5135719028837142
N-H82EQ,-0.5373494464575331,201403021808,-0.3458219485127757
N-H82EQ,-0.5373494464575331,201403021808,-0.022050987668125743
N-H82EQ,-0.5373494464575331,201403021808,0.08293508743948004
N-H82EQ,-0.5373494464575331,201403021808,0.10349693696572915
N-H82EQ,-0.5373494464575331,201403021808,0.017104715340009846
N-H82EQ,-0.5373494464575331,201403021808,0.0712324729979325
N-H82EQ,-0.5373494464575331,201403021808,-0.1657945789491863
N-H82EQ,-0.5373494464575331,201403021808,-0.15215115206122987
N-H82EQ,-0.5373494464575331,201403021808,0.29009627274926675
N-H82EQ,-0.5373494464575331,201403021808,0.10086369946475389
N-H82EQ,-0.5373494464575331,201403021808,-0.251611191843657
N-H82EQ,-0.5373494464575331,201403021808,-0.25798994218015386
N-H82EQ,-0.5373494464575331,201403021808,0.1485154452438942
N-H82EQ,-0.5373494464575331,201403021808,0.005972522405199628
N-H82EQ,-0.5373494464575331,201403021808,0.5700140517681597
N-H82EQ,-0.5373494464575331,201403021808,0.1326104151709085
N-H82EQ,-0.5373494464575331,201403021808,0.24503402521456022
N-H82EQ,-0.5373494464575331,201403021808,0.3690436468097515
N-H82EQ,-0.5373494464575331,201403021808,0.2836690658294728
N-H82EQ,-0.5373494464575331,201403021808,-0.6928094285303421
N-H82EQ,-0.5373494464575331,201403021808,-0.02216598810878616
N-H82EQ,-0.5373494464575331,201403021808,0.8194885444881703
N-H82EQ,-0.5373494464575331,201403021808,0.30790116288150654
N-H82EQ,-0.5373494464575331,201403021808,-0.07201662255524201
N-H82EQ,-0.5373494464575331,201403021808,-0.17140824733391447
N-H82EQ,-0.5373494464575331,201403021808,0.09025214620373503
N-H82EQ,-0.5373494464575331,201403021808,0.0196265615393502
N-H82EQ,-0.5373494464575331,201403021808,-0.39234751115732336
N-H82EQ,-0.5373494464575331,201403021808,0.2841955270073306
N-H82EQ,-0.5373494464575331,201403021808,0.15258990543283496
N-H82EQ,-0.5373494464575331,201403021808,-0.44197073337334913
N-H82EQ,-0.5373494464575331,201403021808,-0.15152667682915238
N-H82EQ,-0.5373494464575331,201403021808,-0.07307993075072025
N-H82EQ,-0.5373494464575331,201403021808,0.3135498480160522
N-H82EQ,-0.5373494464575331,201403021808,-0.08508894248549216
N-H82EQ,-0.5373494464575331,201403021808,0.048396571030898686
N-H82EQ,-0.5373494464575331,201403021808,-0.01238822770052425
N-H82EQ,-0.5373494464575331,201403021808,0.21535815114956755
N-H82EQ,-0.5373494464575331,201403021808,0.30437687294190435
N-H82EQ,-0.5373494464575331,201403021808,-0.12097851702180554
N-H82EQ,-0.5373494464575331,201403021808,-0.21354674693002093
N-H82EQ,-0.5373494464575331,201403021808,-0.04350052893879006
N-H82EQ,-0.5373494464575331,201403021808,-0.05031033909968109
N-H82EQ,-0.5373494464575331,201403021808,-0.18657029086953575
N-H82EQ,-0.5373494464575331,201403021808,-0.2914758943092079
N-H82EQ,-0.5373494464575331,201403021808,0.3260900617879935
N-H82EQ,-0.5373494464575331,201403021808,0.12738937166185332
N-H82EQ,-0.5373494464575331,201403021808,-0.5977134816409779
N-H82EQ,-0.5373494464575331,201403021808,0.1768486968734648
N-H82EQ,-0.5373494464575331,201403021808,0.18937164522980043
N-H82EQ,-0.5373494464575331,201403021808,-0.2672035920928147
N-H82EQ,-0.5373494464575331,201403021808,-0.09871793454600088
N-H82EQ,-0.5373494464575331,201403021808,-0.020057796822369696
N-H82EQ,-0.5373494464575331,201403021808,-0.05955574368299645
N-H82EQ,-0.5373494464575331,201403021808,0.3549353005860426
N-H82EQ,-0.5373494464575331,201403021808,-0.30870918017820204
N-H82EQ,-0.5373494464575331,201403021808,0.1837269160641429
N-H82EQ,-0.5373494464575331,201403021808,0.1440463643954445
N-H82EQ,-0.5373494464575331,201403021808,-0.20559409666419118
N-H82EQ,-0.5373494464575331,201403021808,-0.12490872114795626
N-H82EQ,-0.5373494464575331,201403021808,-0.06735582412765298
N-H82EQ,-0.5373494464575331,201403021808,-0.058720225867110835
N-H82EQ,-0.5373494464575331,201403021808,0.2614369486683675
N-H82EQ,-0.5373494464575331,201403021808,-0.2328332656420796
N-H82EQ,-0.5373494464575331,201403021808,-0.21673265387168578
N-H82EQ,-0.5373494464575331,201403021808,0.0025632583226056905
N-H82EQ,-0.5373494464575331,201403021808,0.1311728494769896
N-H82EQ,-0.5373494464575331,201403021808,0.25119460458275883
N-H82EQ,-0.5373494464575331,201403021808,-0.5564145856804665
N-H82EQ,-0.5373494464575331,201403021808,-0.4078070351229307
N-H82EQ,-0.5373494464575331,201403021808,-0.08895026336373135
N-H82EQ,-0.5373494464575331,201403021808,-0.49433325903434755
N-H82EQ,-0.5373494464575331,201403021808,-0.06417604298127977
N-H82EQ,-0.5373494464575331,201403021808,-0.37228157702491965
N-H82EQ,-0.5373494464575331,201403021808,0.33509647843693846
N-H82EQ,-0.5373494464575331,201403021808,-0.08556493921564191
N-H82EQ,-0.5373494464575331,201403021808,0.14030598837230887
N-H82EQ,-0.5373494464575331,201403021808,0.005530979593064248
N-H82EQ,-0.5373494464575331,201403021808,0.13669075052803492
N-H82EQ,-0.5373494464575331,201403021808,-0.0844485567345781
N-H82EQ,-0.5373494464575331,201403021808,-0.20139271632190966
N-H82EQ,-0.5373494464575331,201403021808,0.4036383178879446
N-H82EQ,-0.5373494464575331,201403021808,0.10281977621724626
N-H82EQ,-0.5373494464575331,201403021808,0.18704149795335892
N-H82EQ,-0.5373494464575331,201403021808,0.06594671679395867
N-H82EQ,-0.5373494464575331,201403021808,0.13742847491531732
N-H82EQ,-0.5373494464575331,201403021808,0.06446577069651503
N-H82EQ,-0.5373494464575331,201403021808,0.21146081001592704
N-H82EQ,-0.5373494464575331,201403021808,-0.08907040245753486
N-H82EQ,-0.5373494464575331,201403021808,-0.0689935548230759
N-H82EQ,-0.5373494464575331,201403021808,-0.09688419123323229
N-H82EQ,-0.5373494464575331,201403021808,0.4211204804204201
N-H82EQ,-0.5373494464575331,201403021808,-0.24063333208975984
N-H82EQ,-0.5373494464575331,201403021808,-0.19242095680061463
N-H82EQ,-0.5373494464575331,201403021808,-0.10995556462252526
N-H82EQ,-0.5373494464575331,201403021808,-0.16310147651024615
N-H82EQ,-0.5373494464575331,201403021808,0.19059836926167584
N-H82EQ,-0.5373494464575331,201403021808,0.3694853469772309
N-H82EQ,-0.5373494464575331,201403021808,-0.07385958037665774
N-H82EQ,-0.5373494464575331,201403021808,-0.17102120396873477
N-H82EQ,-0.5373494464575331,201403021808,0.2839312158281939
N-H82EQ,-0.5373494464575331,201403021808,0.2559601896264384
N-H82EQ,-0.5373494464575331,201403021808,0.035105087752673944
N-H82EQ,-0.5373494464575331,201403021808,0.19887374697477406
N-H82EQ,-0.5373494464575331,201403021808,-0.4748717758905054
N-H82EQ,-0.5373494464575331,201403021808,-0.08536740348951806
N-H82EQ,-0.5373494464575331,201403021808,-0.06875431257760928
N-H82EQ,-0.5373494464575331,201403021808,-0.09054771213715727
N-H82EQ,-0.5373494464575331,201403021808,-0.1329945335876835
N-H82EQ,-0.5373494464575331,201403021808,-0.10184883402762213
N-H82EQ,-0.5373494464575331,201403021808,-0.1466388621097292
N-H82EQ,-0.5373494464575331,201403021808,0.5798264337150029
N-H82EQ,-0.5373494464575331,201403021808,0.2608942728930421
N-H82EQ,-0.5373494464575331,201403021808,0.413794515481563
N-H82EQ,-0.5373494464575331,201403021808,0.36746964990414765
N-H82EQ,-0.5373494464575331,201403021808,-0.11804786574691571
N-H82EQ,-0.5373494464575331,201403021808,0.27496535116632437
N-H82EQ,-0.5373494464575331,201403021808,0.12030296239704513
N-H82EQ,-0.5373494464575331,201403021808,0.29249775155578644
N-H82EQ,-0.5373494464575331,201403021808,0.3199355285978202
N-H82EQ,-0.5373494464575331,201403021808,0.4734093947229401
N-H82EQ,-0.5373494464575331,201403021808,0.11177154012294492
N-H82EQ,-0.5373494464575331,201403021808,0.10578193611846023
N-H82EQ,-0.5373494464575331,201403021808,-0.09499286925482969
N-H82EQ,-0.5373494464575331,201403021808,-0.436005939785136
N-H82EQ,-0.5373494464575331,201403021808,-0.12304008164219148
N-H82EQ,-0.5373494464575331,201403021808,0.10794561993117407
N-H82EQ,-0.5373494464575331,201403021808,0.057592078928516116
N-H82EQ,-0.5373494464575331,201403021808,-0.11486282979082023
N-H82EQ,-0.5373494464575331,201403021808,-0.2470538421948411
N-H82EQ,-0.5373494464575331,201403021808,-0.3082004738596719
N-H82EQ,-0.5373494464575331,201403021808,-0.017913443346792002
N-H82EQ,-0.5373494464575331,201403021808,0.3686193235086007
N-H82EQ,-0.5373494464575331,201403021808,-0.15598947573486036
N-H82EQ,-0.5373494464575331,201403021808,-0.28976558372881006
N-H82EQ,-0.5373494464575331,201403021808,0.12771062084062768
N-H82EQ,-0.5373494464575331,201403021808,0.5426576469242262
N-H82EQ,-0.5373494464575331,201403021808,-0.337405298468717
N-H82EQ,-0.5373494464575331,201403021808,-0.2758837234922856
N-H82EQ,-0.5373494464575331,201403021808,0.12023570365309533
N-H82EQ,-0.5373494464575331,201403021808,-0.15321594475593822
N-H82EQ,-0.5373494464575331,201403021808,0.05528584321965806
N-H82EQ,-0.5373494464575331,201403021808,-0.04855067891829136
N-H82EQ,-0.5373494464575331,201403021808,-0.25219667880318647
N-H82EQ,-0.5373494464575331,201403021808,0.4744932475492364
N-H82EQ,-0.5373494464575331,201403021808,-0.04296440424318621
N-H82EQ,-0.5373494464575331,201403021808,0.4284857062478313
N-H82EQ,-0.5373494464575331,201403021808,0.02505174479720831
N-H82EQ,-0.5373494464575331,201403021808,0.3389375670969623
N-H82EQ,-0.5373494464575331,201403021808,0.3472357189421494
N-H82EQ,-0.5373494464575331,201403021808,-0.14829804697547155
N-H82EQ,-0.5373494464575331,201403021808,-0.017413375830744864
N-H82EQ,-0.5373494464575331,201403021808,0.17179537040521706
N-H82EQ,-0.5373494464575331,201403021808,0.2974107503634281
N-H82EQ,-0.5373494464575331,201403021808,0.087866274711638
N-H82EQ,-0.5373494464575331,201403021808,0.5074146953805483
N-H82EQ,-0.5373494464575331,201403021808,0.08906290538302652
N-H82EQ,-0.5373494464575331,201403021808,-0.037620746990725915
N-H82EQ,-0.5373494464575331,201403021808,0.08409426762457026
N-H82EQ,-0.5373494464575331,201403021808,-0.2135387712388477
N-H82EQ,-0.5373494464575331,201403021808,-0.07945573647762036
N-H82EQ,-0.5373494464575331,201403021808,-0.30608693390045105
N-H82EQ,-0.5373494464575331,201403021808,0.025745971982521914
N-H82EQ,-0.5373494464575331,201403021808,0.09603178277993703
N-H82EQ,-0.5373494464575331,201403021808,0.47760667262797746
N-H82EQ,-0.5373494464575331,201403021808,-0.6157367646231032
N-H82EQ,-0.5373494464575331,201403021808,-0.16581941513606205
N-H82EQ,-0.5373494464575331,201403021808,-0.25686843515604074
N-H82EQ,-0.5373494464575331,201403021808,0.413633402007933
N-H82EQ,-0.5373494464575331,201403021808,0.5920134925138064
N-H82EQ,-0.5373494464575331,201403021808,0.6871912726298745
N-H82EQ,-0.5373494464575331,201403021808,-0.3831378730140431
N-H82EQ,-0.5373494464575331,201403021808,0.26475264635139556
N-H82EQ,-0.5373494464575331,201403021808,0.01655794116191452
N-H82EQ,-0.5373494464575331,201403021808,0.609669930166667
N-H82EQ,-0.5373494464575331,201403021808,-0.011830187272594635
N-H82EQ,-0.5373494464575331,201403021808,-0.29556905853191007
N-H82EQ,-0.5373494464575331,201403021808,0.0925799909476869
N-H82EQ,-0.5373494464575331,201403021808,-0.6323324496292932
N-H82EQ,-0.5373494464575331,201403021808,-0.271190635261381
N-H82EQ,-0.5373494464575331,201403021808,-0.45867753402593986
N-H82EQ,-0.5373494464575331,201403021808,-0.07542229910550782
N-H82EQ,-0.5373494464575331,201403021808,-0.10237976894129665
N-H82EQ,-0.5373494464575331,201403021808,-0.21939341415653027
N-H82EQ,-0.5373494464575331,201403021808,-0.03176314955260406
N-H82EQ,-0.5373494464575331,201403021808,0.4087705928985425
N-H82EQ,-0.5373494464575331,201403021808,0.6734235670645993
N-H82EQ,-0.5373494464575331,201403021808,0.22366607409538083
N-H82EQ,-0.5373494464575331,201403021808,0.12504670232312565
N-H82EQ,-0.5373494464575331,201403021808,-0.07743764400386326
N-H82EQ,-0.5373494464575331,201403021808,0.27498553585195445
N-H82EQ,-0.5373494464575331,201403021808,-0.3986039646602417
N-H82EQ,-0.5373494464575331,201403021808,-0.34243796305534596
N-H82EQ,-0.5373494464575331,201403021808,-0.04782844467561221
N-H82EQ,-0.5373494464575331,201403021808,0.05824601391497846
N-H82EQ,-0.5373494464575331,201403021808,-0.3989805513180264
N-H82EQ,-0.5373494464575331,201403021808,0.09547467388485863
N-H82EQ,-0.5373494464575331,201403021808,0.3232276778373833
N-H82EQ,-0.5373494464575331,201403021808,0.021314900440238437
N-H82EQ,-0.5373494464575331,201403021808,-0.21569224978483337
N-H82EQ,-0.5373494464575331,201403021808,0.7079505797297606
N-H82EQ,-0.5373494464575331,201403021808,-0.28802945451607204
N-H82EQ,-0.5373494464575331,201403021808,0.23665030289483863
N-H82EQ,-0.5373494464575331,201403021808,0.10150786428009292
N-H82EQ,-0.5373494464575331,201403021808,0.016929860644255744
N-H82EQ,-0.5373494464575331,201403021808,0.09322418105845429
N-H82EQ,-0.5373494464575331,201403021808,-0.24037251492528547
N-H82EQ,-0.5373494464575331,201403021808,-0.711372240964179
N-H82EQ,-0.5373494464575331,201403021808,-0.15337302303609976
N-H82EQ,-0.5373494464575331,201403021808,-0.052583468424302046
N-H82EQ,-0.5373494464575331,201403021808,0.07001714562390739
N-H82EQ,-0.5373494464575331,201403021808,-0.06882026516153746
N-H82EQ,-0.5373494464575331,201403021808,0.37777027217661485
N-H82EQ,-0.5373494464575331,201403021808,-0.08156508294930943
N-H82EQ,-0.5373494464575331,201403021808,0.1654260915029566
N-H82EQ,-0.5373494464575331,201403021808,0.1768815715586853
N-H82EQ,-0.5373494464575331,201403021808,-0.5257825401100237
N-H82EQ,-0.5373494464575331,201403021808,0.10740054745472594
N-H82EQ,-0.5373494464575331,201403021808,-0.27866851298140294
N-H82EQ,-0.5373494464575331,201403021808,0.46209456332264665
N-H82EQ,-0.5373494464575331,201403021808,-0.28507311963079424
N-H82EQ,-0.5373494464575331,201403021808,0.10945538783007343
N-H82EQ,-0.5373494464575331,201403021808,-0.06454878627330944
N-H82EQ,-0.5373494464575331,201403021808,0.525078844641381
N-H82EQ,-0.5373494464575331,201403021808,-0.17131328369666501
N-H82EQ,-0.5373494464575331,201403021808,-0.43782894192829985
N-H82EQ,-0.5373494464575331,201403021808,0.18524498614326834
N-H82EQ,-0.5373494464575331,201403021808,0.2952036055266744
N-H82EQ,-0.5373494464575331,201403021808,0.05601499911214181
N-H82EQ,-0.5373494464575331,201403021808,-0.4163835690853389
N-H82EQ,-0.5373494464575331,201403021808,-0.0042654329558304074
N-H82EQ,-0.5373494464575331,201403021808,0.040191835538612185
N-H82EQ,-0.5373494464575331,201403021808,0.07359880332022245
N-H82EQ,-0.5373494464575331,201403021808,-0.007168189631012896
N-H82EQ,-0.5373494464575331,201403021808,-0.20956084971841238
N-H82EQ,-0.5373494464575331,201403021808,0.07027819046599708
N-H82EQ,-0.5373494464575331,201403021808,-0.38225858378176236
N-H82EQ,-0.5373494464575331,201403021808,-0.1732005237491126
N-H82EQ,-0.5373494464575331,201403021808,0.09333332829794147
N-H82EQ,-0.5373494464575331,201403021808,-0.1763780735359706
N-H82EQ,-0.5373494464575331,201403021808,0.2512365890673357
N-H82EQ,-0.5373494464575331,201403021808,-0.20160049760066087
N-H82EQ,-0.5373494464575331,201403021808,-0.03485741204359544
N-H82EQ,-0.5373494464575331,201403021808,-0.31576692793356365
N-H82EQ,-0.5373494464575331,201403021808,-0.45340250451616265
N-H82EQ,-0.5373494464575331,201403021808,0.06503423419466697
N-H82EQ,-0.5373494464575331,201403021808,-0.20379265181410655
N-H82EQ,-0.5373494464575331,201403021808,0.09215199831250277
N-H82EQ,-0.5373494464575331,201403021808,0.29857014754377575
N-H82EQ,-0.5373494464575331,201403021808,-0.07691235022845604
N-H82EQ,-0.5373494464575331,201403021808,-0.26662521676192075
N-H82EQ,-0.5373494464575331,201403021808,0.17286611571173163
N-H82EQ,-0.5373494464575331,201403021808,0.3008088603055666
N-H82EQ,-0.5373494464575331,201403021808,-1.4073563603812228E-4
N-H82EQ,-0.5373494464575331,201403021808,0.029281779594441337
N-H82EQ,-0.5373494464575331,201403021808,0.04464258115497795
N-H82EQ,-0.5373494464575331,201403021808,-0.3019325481067163
N-H82EQ,-0.5373494464575331,201403021808,-0.37322267198891546
N-H82EQ,-0.5373494464575331,201403021808,0.08638275186126357
N-H82EQ,-0.5373494464575331,201403021808,-0.29096460644138294
N-H82EQ,-0.5373494464575331,201403021808,-0.12860293057707303
N-H82EQ,-0.5373494464575331,201403021808,-0.20270350225664463
N-H82EQ,-0.5373494464575331,201403021808,0.17284087744457022
N-H82EQ,-0.5373494464575331,201403021808,0.023673113434646946
N-H82EQ,-0.5373494464575331,201403021808,-0.30935998861071917
N-H82EQ,-0.5373494464575331,201403021808,-0.3044808076280065
N-H82EQ,-0.5373494464575331,201403021808,0.21671365570022275
N-H82EQ,-0.5373494464575331,201403021808,-0.20064371271388132
N-H82EQ,-0.5373494464575331,201403021808,0.1930183361032547
N-H82EQ,-0.5373494464575331,201403021808,-0.11503406307202715
N-H82EQ,-0.5373494464575331,201403021808,-0.35205617073199125
N-H82EQ,-0.5373494464575331,201403021808,0.08125952138267739
N-H82EQ,-0.5373494464575331,201403021808,-0.19586575412722593
N-H82EQ,-0.5373494464575331,201403021808,0.011610659562958495
N-H82EQ,-0.5373494464575331,201403021808,0.008196473419583968
N-H82EQ,-0.5373494464575331,201403021808,-0.13293285330431212
N-H82EQ,-0.5373494464575331,201403021808,0.5999494693334481
N-H82EQ,-0.5373494464575331,201403021808,0.3252154800921252
N-H82EQ,-0.5373494464575331,201403021808,0.021213178552973538
N-H82EQ,-0.5373494464575331,201403021808,-0.24877890873109823
N-H82EQ,-0.5373494464575331,201403021808,0.3787997544988974
N-H82EQ,-0.5373494464575331,201403021808,-0.033018509391014195
N-H82EQ,-0.5373494464575331,201403021808,-0.05079381284860029
N-H82EQ,-0.5373494464575331,201403021808,0.2816543827124967
N-H82EQ,-0.5373494464575331,201403021808,-0.1879035012397022
N-H82EQ,-0.5373494464575331,201403021808,-0.35940805826452893
N-H82EQ,-0.5373494464575331,201403021808,-0.011517641342930506
N-H82EQ,-0.5373494464575331,201403021808,0.11196849926345648
N-H82EQ,-0.5373494464575331,201403021808,0.28554920902603936
N-H82EQ,-0.5373494464575331,201403021808,-0.4995759320864419
N-H82EQ,-0.5373494464575331,201403021808,-0.1732451614506188
N-H82EQ,-0.5373494464575331,201403021808,-0.07097598986721594
N-H82EQ,-0.5373494464575331,201403021808,0.08777531602049336
N-H82EQ,-0.5373494464575331,201403021808,-0.1503138251481248
N-H82EQ,-0.5373494464575331,201403021808,0.02905624604244844
N-H82EQ,-0.5373494464575331,201403021808,-0.07478032670264492
N-H82EQ,-0.5373494464575331,201403021808,0.11059406231819201
N-H82EQ,-0.5373494464575331,201403021808,-0.3235633547608618
N-H82EQ,-0.5373494464575331,201403021808,-0.27613010627599294
N-H82EQ,-0.5373494464575331,201403021808,0.4978691700563369
N-H82EQ,-0.5373494464575331,201403021808,0.16768097296548298
N-H82EQ,-0.5373494464575331,201403021808,0.007481615738647182
N-H82EQ,-0.5373494464575331,201403021808,0.07713162101070001
N-H82EQ,-0.5373494464575331,201403021808,0.03346387861249419
N-H82EQ,-0.5373494464575331,201403021808,0.011425456266163602
N-H82EQ,-0.5373494464575331,201403021808,-0.8174165545841627
N-H82EQ,-0.5373494464575331,201403021808,0.10717517584331626
N-H82EQ,-0.5373494464575331,201403021808,0.14060979264036777
N-H82EQ,-0.5373494464575331,201403021808,-0.19894801827454703
N-H82EQ,-0.5373494464575331,201403021808,0.2939269089402397
N-H82EQ,-0.5373494464575331,201403021808,-0.1898189441748717
N-H82EQ,-0.5373494464575331,201403021808,-0.28638547648586865
N-H82EQ,-0.5373494464575331,201403021808,0.05558176654273029
N-H82EQ,-0.5373494464575331,201403021808,-0.24766099219499516
N-H82EQ,-0.5373494464575331,201403021808,-0.13274746393763873
N-H82EQ,-0.5373494464575331,201403021808,0.21294832962894705
N-H82EQ,-0.5373494464575331,201403021808,-0.02380863590193266
N-H82EQ,-0.5373494464575331,201403021808,-0.2884071275154517
N-H82EQ,-0.5373494464575331,201403021808,0.07629285706830413
N-H82EQ,-0.5373494464575331,201403021808,-0.25268409797538705
N-H82EQ,-0.5373494464575331,201403021808,-0.2433601471380028
N-H82EQ,-0.5373494464575331,201403021808,-0.16465050762548367
N-H82EQ,-0.5373494464575331,201403021808,-0.19471309956033547
N-H82EQ,-0.5373494464575331,201403021808,-0.163440997056558
N-H82EQ,-0.5373494464575331,201403021808,0.5398929594664357
N-H82EQ,-0.5373494464575331,201403021808,0.015972615371013705
N-H82EQ,-0.5373494464575331,201403021808,0.37342543536235817
N-H82EQ,-0.5373494464575331,201403021808,0.15481345899867538
N-H82EQ,-0.5373494464575331,201403021808,0.10688879314748528
N-H82EQ,-0.5373494464575331,201403021808,0.2615850022454411
N-H82EQ,-0.5373494464575331,201403021808,0.007494487894811564
N-H82EQ,-0.5373494464575331,201403021808,0.07512469892657206
N-H82EQ,-0.5373494464575331,201403021808,0.0916468117994544
N-H82EQ,-0.5373494464575331,201403021808,-0.09616688035798021
N-H82EQ,-0.5373494464575331,201403021808,0.27092598505496207
N-H82EQ,-0.5373494464575331,201403021808,0.01078959169311311
N-H82EQ,-0.5373494464575331,201403021808,0.08320628539708257
N-H82EQ,-0.5373494464575331,201403021808,0.15255000859429615
N-H82EQ,-0.5373494464575331,201403021808,0.07419796481654593
N-H82EQ,-0.5373494464575331,201403021808,0.010561542212892735
N-H82EQ,-0.5373494464575331,201403021808,0.3575871910428629
