4,1275870302,20131229063440
1,1275485553,20131229063440
3,1276639800,20131229063440
4,1458293300,20131229063510
1,1458293300,20131229063510
0,1458293300,20131229063510
2,1457908551,20131229063510
3,1460217044,20131229063510
4,1877623628,20131229063540
2,1877623628,20131229063540
1,1878008377,20131229063540
3,1878008377,20131229063540
0,1879932122,20131229063540
4,1325277449,20131229063610
2,1325277449,20131229063610
1,1325662198,20131229063610
3,1325662198,20131229063610
0,1324507952,20131229063610
